0 87 0 153 0 108 0
4 11 2 164 2 11 2
1 100 2 34 1 34 3
0 58 1 133 3 98 2
2 105 3 37 2 74 3
2 132 2 50 0 186 0
0 190 0 168 0 197 0
0 55 0 29 0 31 0
0 166 0 75 0 55 0
4 11 2 164 2 11 2
1 100 2 34 1 34 3
0 58 1 133 3 98 2
2 105 3 37 2 74 3
2 132 2 50 0 186 0
4 11 2 164 2 11 2
1 100 2 34 1 34 3
0 58 1 133 3 98 2
2 105 3 37 2 74 3
2 132 2 50 0 186 0
4 11 2 164 2 11 2
1 100 2 34 1 34 3
0 58 1 133 3 98 2
2 105 3 37 2 74 3
2 132 2 50 0 186 0
0 128 0 165 0 37 0
0 143 0 90 0 175 0
0 116 0 140 0 19 0
0 18 0 170 0 78 0
0 30 0 181 0 15 0
0 153 0 61 0 178 0
-1 -1 -1 -1 -1 -1 
